0.285744
0.284788
0.283831
0.282876
0.281920
0.280966
0.280012
0.279059
0.278107
0.277156
0.276207
0.275259
0.274312
0.273367
0.272424
0.271483
0.270544
0.269608
0.268673
0.267741
0.266812
0.265885
0.264961
0.264041
0.263123
0.262209
0.261298
0.260391
0.259487
0.258587
0.257692
0.256800
0.255913
0.255030
0.254152
0.253278
0.252410
0.251546
0.250688
0.249835
0.248987
0.248145
0.247309
0.246479
0.245655
0.244837
0.244026
0.243221
0.242422
0.241631
0.240847
0.240070
0.239300
0.238538
0.237783
0.237036
0.236297
0.235567
0.234844
0.234130
0.233425
0.232729
0.232041
0.231362
0.230693
0.230033
0.229383
0.228743
0.228112
0.227491
0.226881
0.226281
0.225692
0.225113
0.224545
0.223988
0.223443
0.222909
0.222386
0.221875
0.221376
0.220889
0.220413
0.219951
0.219500
0.219063
0.218638
0.218226
0.217827
0.217442
0.217070
0.216711
0.216366
0.216035
0.215718
0.215415
0.215127
0.214853
0.214594
0.214349
0.214120
0.213905
0.213706
0.213522
0.213354
0.213201
0.213064
0.212943
0.212838
0.212749
0.212677
0.212621
0.212582
0.212559
0.212553
0.212565
0.212593
0.212639
0.212702
0.212783
0.212882
0.212998
0.213132
0.213284
0.213454
0.213642
0.213849
0.214074
0.214318
0.214581
0.214862
0.215162
0.215481
0.215819
0.216177
0.216553
0.216949
0.217365
0.217800
0.218255
0.218729
0.219223
0.219737
0.220271
0.220825
0.221399
0.221994
0.222608
0.223243
0.223898
0.224574
0.225270
0.225987
0.226724
0.227482
0.228261
0.229060
0.229880
0.230721
0.231583
0.232465
0.233369
0.234293
0.235239
0.236205
0.237193
0.238201
0.239231
0.240281
0.241353
0.242445
0.243559
0.244694
0.245850
0.247026
0.248224
0.249443
0.250683
0.251944
0.253226
0.254528
0.255852
0.257196
0.258562
0.259948
0.261355
0.262782
0.264230
0.265699
0.267188
0.268698
0.270228
0.271779
0.273350
0.274941
0.276552
0.278183
0.279835
0.281506
0.283197
0.284907
0.286638
0.288387
0.290157
0.291945
0.293753
0.295580
0.297426
0.299290
0.301174
0.303076
0.304996
0.306935
0.308892
0.310868
0.312861
0.314872
0.316901
0.318947
0.321011
0.323092
0.325189
0.327304
0.329436
0.331584
0.333748
0.335929
0.338126
0.340339
0.342567
0.344811
0.347070
0.349345
0.351634
0.353938
0.356257
0.358590
0.360937
0.363298
0.365673
0.368061
0.370463
0.372878
0.375305
0.377746
0.380198
0.382664
0.385141
0.387629
0.390130
0.392641
0.395164
0.397697
0.400242
0.402796
0.405361
0.407935
0.410519
0.413112
0.415715
0.418326
0.420946
0.423575
0.426211
0.428855
0.431507
0.434166
0.436832
0.439505
0.442185
0.444871
0.447563
0.450260
0.452963
0.455671
0.458384
0.461102
0.463824
0.466550
0.469280
0.472013
0.474750
0.477489
0.480232
0.482976
0.485723
0.488472
0.491222
0.493974
0.496727
0.499480
0.502234
0.504988
0.507742
0.510495
0.513248
0.516000
0.518750
0.521500
0.524247
0.526992
0.529735
0.532475
0.535212
0.537947
0.540677
0.543404
0.546127
0.548846
0.551560
0.554269
0.556973
0.559671
0.562364
0.565051
0.567732
0.570407
0.573074
0.575735
0.578388
0.581034
0.583672
0.586302
0.588924
0.591537
0.594141
0.596736
0.599322
0.601898
0.604465
0.607021
0.609567
0.612103
0.614627
0.617141
0.619643
0.622134
0.624613
0.627080
0.629535
0.631978
0.634407
0.636824
0.639228
0.641619
0.643996
0.646359
0.648708
0.651043
0.653364
0.655670
0.657962
0.660238
0.662500
0.664746
0.666976
0.669191
0.671390
0.673573
0.675739
0.677889
0.680023
0.682140
0.684239
0.686322
0.688387
0.690435
0.692466
0.694479
0.696473
0.698450
0.700409
0.702349
0.704271
0.706175
0.708059
0.709925
0.711772
0.713600
0.715409
0.717198
0.718968
0.720719
0.722450
0.724161
0.725853
0.727524
0.729176
0.730807
0.732418
0.734010
0.735580
0.737131
0.738661
0.740170
0.741659
0.743127
0.744575
0.746001
0.747407
0.748792
0.750156
0.751499
0.752822
0.754123
0.755403
0.756662
0.757900
0.759117
0.760312
0.761487
0.762640
0.763772
0.764883
0.765973
0.767041
0.768089
0.769115
0.770120
0.771103
0.772066
0.773007
0.773928
0.774827
0.775705
0.776562
0.777398
0.778213
0.779007
0.779781
0.780533
0.781265
0.781976
0.782666
0.783335
0.783984
0.784612
0.785220
0.785808
0.786375
0.786921
0.787448
0.787954
0.788441
0.788907
0.789354
0.789780
0.790187
0.790574
0.790942
0.791290
0.791619
0.791929
0.792219
0.792491
0.792743
0.792977
0.793191
0.793388
0.793565
0.793724
0.793865
0.793988
0.794092
0.794179
0.794248
0.794299
0.794332
0.794348
0.794347
0.794328
0.794292
0.794240
0.794170
0.794084
0.793982
0.793863
0.793727
0.793576
0.793409
0.793225
0.793026
0.792812
0.792582
0.792337
0.792076
0.791801
0.791511
0.791206
0.790887
0.790553
0.790206
0.789844
0.789468
0.789078
0.788675
0.788259
0.787829
0.787386
0.786930
0.786461
0.785980
0.785486
0.784980
0.784462
0.783931
0.783389
0.782836
0.782270
0.781694
0.781106
0.780507
0.779897
0.779277
0.778646
0.778004
0.777353
0.776691
0.776019
0.775338
0.774647
0.773947
0.773238
0.772519
0.771792
0.771056
0.770311
0.769558
0.768796
0.768027
0.767249
0.766464
0.765671
0.764871
0.764063
0.763248
0.762426
0.761598
0.760762
0.759921
0.759072
0.758218
0.757358
0.756491
0.755619
0.754742
0.753859
0.752970
0.752077
0.751179
0.750275
0.749367
0.748455
0.747538
0.746617
0.745692
0.744763
0.743830
0.742894
0.741954
0.741010
0.740064
0.739114
0.738161
0.737206
0.736248
0.735287
0.734324
0.733359
0.732391
0.731422
0.730451
0.729478
0.728503
0.727527
0.726550
0.725571
0.724591
0.723611
0.722629
0.721647
0.720664
0.719681
0.718697
0.717714
0.716730
0.715746
0.714762
0.713779
0.712795
0.711813
0.710830
0.709849
0.708868
0.707889
0.706910
0.705932
0.704956
0.703981
0.703007
0.702035
0.701065
0.700096
0.699129
0.698164
0.697201
0.696240
0.695282
0.694326
0.693372
0.692420
0.691472
0.690526
0.689582
0.688642
0.687704
0.686770
0.685839
0.684910
0.683986
0.683064
0.682146
0.681231
0.680320
0.679413
0.678510
0.677610
0.676714
0.675822
0.674934
0.674051
0.673171
0.672296
0.671425
0.670558
0.669696
0.668839
0.667986
0.667137
0.666294
0.665455
0.664621
0.663792
0.662967
0.662148
0.661334
0.660525
0.659721
0.658923
0.658129
0.657341
0.656559
0.655781
0.655010
0.654244
0.653483
0.652728
0.651979
0.651235
0.650498
0.649766
0.649040
0.648320
0.647605
0.646897
0.646195
0.645499
0.644809
0.644125
0.643447
0.642776
0.642111
0.641452
0.640799
0.640153
0.639513
0.638880
0.638253
0.637633
0.637019
0.636412
0.635811
0.635217
0.634629
0.634048
0.633474
0.632907
0.632346
0.631793
0.631246
0.630705
0.630172
0.629646
0.629126
0.628613
0.628108
0.627609
0.627117
0.626633
0.626155
0.625684
0.625221
0.624764
0.624315
0.623873
0.623438
0.623010
0.622589
0.622176
0.621769
0.621370
0.620978
0.620594
0.620217
0.619846
0.619484
0.619128
0.618780
0.618439
0.618106
0.617780
0.617461
0.617150
0.616846
0.616550
0.616260
0.615979
0.615705
0.615438
0.615178
0.614926
0.614682
0.614445
0.614216
0.613994
0.613779
0.613572
0.613373
0.613181
0.612996
0.612819
0.612650
0.612488
0.612334
0.612187
0.612048
0.611916
0.611792
0.611675
0.611566
0.611465
0.611371
0.611285
0.611206
0.611135
0.611071
0.611015
0.610967
0.610926
0.610892
0.610867
0.610848
0.610838
0.610835
0.610840
0.610852
0.610871
0.610899
0.610934
0.610976
0.611026
0.611084
0.611149
0.611222
0.611302
0.611390
0.611485
0.611588
0.611698
0.611816
0.611942
0.612075
0.612215
0.612364
0.612519
0.612682
0.612853
0.613031
0.613216
0.613410
0.613610
0.613818
0.614034
0.614256
0.614487
0.614725
0.614970
0.615222
0.615482
0.615750
0.616024
0.616307
0.616596
0.616893
0.617197
0.617509
0.617828
0.618154
0.618487
0.618828
0.619176
0.619531
0.619893
0.620263
0.620640
0.621024
0.621415
0.621814
0.622219
0.622632
0.623051
0.623478
0.623912
0.624353
0.624801
0.625256
0.625718
0.626187
0.626663
0.627145
0.627635
0.628132
0.628635
0.629145
0.629662
0.630186
0.630717
0.631254
0.631798
0.632349
0.632906
0.633470
0.634041
0.634618
0.635201
0.635792
0.636388
0.636991
0.637601
0.638217
0.638839
0.639467
0.640102
0.640743
0.641391
0.642044
0.642704
0.643369
0.644041
0.644719
0.645402
0.646092
0.646788
0.647489
0.648196
0.648909
0.649628
0.650352
0.651082
0.651818
0.652559
0.653306
0.654058
0.654815
0.655578
0.656346
0.657119
0.657897
0.658681
0.659470
0.660263
0.661062
0.661866
0.662674
0.663487
0.664305
0.665128
0.665955
0.666786
0.667623
0.668463
0.669308
0.670157
0.671011
0.671868
0.672730
0.673595
0.674465
0.675338
0.676216
0.677096
0.677981
0.678869
0.679761
0.680656
0.681554
0.682456
0.683360
0.684268
0.685179
0.686093
0.687009
0.687929
0.688851
0.689775
0.690702
0.691631
0.692563
0.693497
0.694433
0.695371
0.696311
0.697253
0.698196
0.699141
0.700088
0.701036
0.701985
0.702936
0.703888
0.704840
0.705794
0.706749
0.707704
0.708659
0.709616
0.710572
0.711529
0.712486
0.713443
0.714399
0.715356
0.716312
0.717268
0.718223
0.719178
0.720132
0.721084
0.722036
0.722987
0.723936
0.724884
0.725830
0.726774
0.727717
0.728658
0.729597
0.730533
0.731467
0.732399
0.733328
0.734254
0.735177
0.736097
0.737015
0.737928
0.738839
0.739745
0.740648
0.741547
0.742443
0.743333
0.744220
0.745102
0.745980
0.746852
0.747720
0.748583
0.749441
0.750293
0.751140
0.751981
0.752816
0.753645
0.754469
0.755285
0.756096
0.756900
0.757697
0.758487
0.759271
0.760047
0.760815
0.761576
0.762330
0.763075
0.763813
0.764542
0.765264
0.765976
0.766680
0.767375
0.768062
0.768739
0.769407
0.770065
0.770714
0.771353
0.771982
0.772601
0.773210
0.773808